-296.92351745208884 -875.7896204283539 -569.643806410984 -199.61225031218098 -553.7851345176248 -585.222035658859 -567.3564167784986 -507.7659835333567 -137.5321057504884 -138.68258492134626 -70.34286999120846 -351.0026813890353 -95.52741289677864 -606.5519572548441 -89.76149113911146 -440.69290791858833 -225.30015582368415 -430.34003541203396 -131.82074551998417 -465.4695134288368
-566.4590653778405 -562.2604020702283 -506.46668278229293 -335.390886211953 -460.26872444392967 -798.1389424414456 -531.2878065922993 -312.9945061700231 -441.09944467560393 -645.4991657823803 -348.86543336576034 -436.21713124177035 -584.7067651469374 -223.176135184748 -96.54719993440247 -142.90071400477004 -336.6604456025611 -612.752537349842 -690.2768983193306 -351.69891640756765
-569.5413804145817 -883.0515485744643 -787.62768153347 -578.3268430157117 -586.8654177704608 -805.5447236404207 -308.53041983029436 -583.6523584818862 -580.531520607829 -569.761388764207 -566.6686138515668 -594.7503897591608 -582.1873997761911 -583.0939239685375 -708.643048502567 -371.39111958399354 -585.8651218776345 -649.4677197175416 -597.9476293779193 -166.7758884911319
-564.257688588129 -605.3319459915767 -867.232575979167 -627.7239922490421 -314.9636876932969 -466.2968253083795 -455.81332653896834 -239.20527106784755 -539.700925195101 -569.8485134626841 -313.6776782363729 -202.91419509049788 -198.49077813498937 -580.3387803728909 -586.9106035063068 -655.1902694533256 -707.815460766331 -341.08824870179575 -121.07174030558281 -203.892792666669
-589.8061052214696 -888.0077590678925 -553.7577829320185 -1042.249724324281 -790.238029666369 -859.507936974531 -588.3011953394375 -578.353325080334 -132.89163286996958 -580.6903050263343 -882.7675542387918 -558.3104226875444 -821.39035272599 -209.437376095091 -658.0496643926823 -479.201467908152 -402.2453321196104 -253.21467166125444 -106.64579134336556 -423.1348377591
-549.8573760871961 -603.2634719472036 -131.0422916912449 -563.5437427017196 -797.6252958198842 -573.2810306572751 -606.4739978727451 -568.8963522981268 -254.47529975693206 -1390.8179546793804 -443.71329132806835 -50.847128537751786 -172.78388576222372 -140.4278149754588 -142.92899093265393 -79.9790368278496 -99.19442119208985 -114.1044576437327 -504.8184063853834 -65.676228086007
-578.4749747494017 -899.3413171821925 -570.1589134491205 -348.2710859016898 -461.67520160679277 -352.4750946470598 -597.3049075807158 -183.76064144831983 -397.8238287892576 -689.6454640861299 -499.4384651449554 -107.66951232512695 -121.17253054178421 -232.5507448690597 -209.8015125038777 -135.56131957079225 -132.6793354867379 -173.89023679544255 -167.0014059431912 -160.982393293091
-569.3534800490572 -127.02931952216355 -730.3199525496278 -185.02484092027976 -523.2423588419732 -454.646773411054 -899.1786925524511 -302.24868566243464 -90.4195718479929 -458.5869661700267 -156.43140351321176 -149.570563188463 -489.430702351787 -99.80838867283671 -138.20950714383298 -42.46340634093319 -88.4275745707709 -83.8250831255882 -135.46943845742632 -92.22692110955872
-559.9011169964023 -569.300865146902 -133.07442551469464 -566.4042422873339 -907.9666207797547 -129.7657579275335 -572.7784279322414 -127.46476768094257 -571.7306328403346 -596.4211059720993 -948.6112318864383 -766.299351580702 -373.8285777815781 -382.1956932406754 -346.3396271685428 -100.85098319156363 -136.35323468958234 -119.85787525326005 -123.27492828671677 -78.8589429575731
-552.7649299163273 -333.06010565889164 -597.1392570006115 -310.55197374387046 -462.348170072622 -524.1776021350422 -774.617035020184 -453.90417989897827 -525.4066599198903 -151.07455723490474 -133.444872165487 -240.44373712223023 -480.9563889209982 -172.35838929624592 -169.8978657553929 -154.49304670091655 -180.7966228257067 -274.6219148057782 -296.1905535363896 -145.5317815460205
