-581.7810037269296 -531.8863613300101 -583.1250946983911 -538.6763056218548 -244.28467955278592 -341.49678346083056 -578.9910200283274 -676.1900959734319 -492.779671022324 -388.55479795667407 -255.91227163625305 -28.738973962708027 -241.70206735749989 -300.32205600237637 -138.32160153042304 -115.96716046862646 -107.53401611487509 -320.9934819359754 -63.95794644352499 -70.37617676519024
-592.4681576888607 -454.12277230877686 -576.1060298273987 -753.7307543164985 -552.2996817610583 -568.2521825949461 -605.8217600973012 -172.65781191010205 -72.99830792206664 -110.78393677042499 -49.63825546222942 -143.60941286079617 -56.34549359439304 -186.9366462783594 -106.75877927359892 -40.6303966419772 -245.42127573675253 -72.4069080686973 -18.3269493855503 -74.73621102270606
-512.3286397027933 -570.3021256392708 -492.26964790275423 -137.60624743564676 -573.2190819521404 -108.83507361929819 -251.04332966154314 -474.929645514976 -584.3908401308983 -624.6828942484453 -574.5284456362114 -268.7224934298671 -455.71712328474604 -174.05166701453018 -77.90738650872913 -116.13627952432222 -125.89666798228387 -84.42530698625947 -22.327205404176528 -51.150646225469046
-567.392435140143 -135.62828848165407 -527.9389559798037 -648.5330029427008 -576.9237568474276 -565.3073045985199 -665.7204526398993 -100.366346184186 -503.8054995391892 -394.489278101752 -192.21460403681857 -250.4869419081382 -127.94835208127411 -74.9081970364653 -54.182363999027345 -604.8718670993671 -112.53765259812033 -155.38976411756124 -145.61119553672594 -102.72584725613596
-571.4175439157513 -620.1523524678116 -658.841411849263 -565.1764919936197 -234.1881453130196 -230.92247616249176 -425.6683947075822 -600.4428095797522 -112.98143602696577 -251.93028755803826 -536.5657850741003 -332.3005641311786 -107.3312791050747 -137.4604340026639 -444.76484177009974 -114.00571535926669 -252.1299585471409 -114.8721582179089 -67.81938429245625 -82.8451939865694
-585.2358724339687 -545.627047957353 -358.1721944259663 -542.9784640271394 -518.8865808878985 -639.923703862239 -672.9850712747841 -141.20063668340444 -585.3975597643998 -665.9230731356681 -600.8022767006371 -628.8758217210635 -169.36574548355412 -79.48602329732314 -93.7522269547402 -57.003029738486504 -149.77921101434092 -52.8369199504186 -110.89543360107506 -49.75099368420017
-739.7601385990445 -564.6224477235279 -286.6311655296129 -507.0153496042957 -558.2551772717802 -129.9514241701135 -948.119764867428 -533.2162560739711 -500.5004671371252 -429.13927685602073 -486.13867177498634 -565.3360870009626 -111.53272158451833 -176.86481307315466 -150.28586332306332 -101.9540587656103 -97.07843851373909 -54.88493476072922 -99.18001388311684 -53.9689280930163
-561.5428357601297 -293.76431032368583 -559.6317429709537 -127.91494843524329 -144.07250594032527 -569.8348277631603 -838.0109564480153 -531.8186294760123 -402.95980275660224 -691.2170020131992 -607.4527877940967 -602.8492001952769 -294.48683217594777 -212.34114362525088 -117.555911461331 -181.44366611576464 -107.25717951972884 -40.9665509116047 -104.13008407709547 -108.91809860064808
-568.6839760796297 -558.3796800132574 -426.1630464192216 -491.12869348422277 -566.0989898143266 -525.0270065564397 -308.43068010343916 -681.6908927181502 -308.4868199638474 -216.31853312881597 -210.7534407742038 -224.16959559755583 -177.01016027534516 -149.67736952827417 -135.42542979777645 -95.76529816398859 -286.82397818562475 -126.71077078358525 -106.69557156991512 -188.36637095783522
-390.3990250118702 -559.0471225550958 -699.8327296018444 -556.9085805018906 -560.0415578364375 -582.1062058166469 -586.3361756863862 -206.9003349039237 -574.5818777766171 -513.8226884760958 -597.3161983290872 -494.9825917987145 -251.8488780841124 -149.13154751963106 -56.06253335043639 -123.98679028789691 -114.09920651134476 -154.91046625350066 -153.17536544448575 -221.30109086623207
