-484.8466163649706 -560.7645039540928 -107.15869460241476 -258.6801915259542 -155.9261812196149 -223.24366425750333 -167.56132801874094 -80.91909707265779 -13.085617785329166 -90.66276776584748 -39.18405620325923 -72.25577573779167 -194.2467633953882 -38.1445046400093 -189.62084721242692 -7.446956095986714 -57.1677910728493 3.9679252790215567 -121.30366356328717 -18.50324422150875
-296.3173596823541 -159.90180506263164 -176.67879705612592 -229.9919666024598 -502.73381337460165 -316.6584880219649 -165.64463672905129 -147.48717508045718 -166.48118450261242 -84.43597810557694 -78.47745350384605 -143.9669813943734 -120.84672796115879 -99.9219955227826 -63.07532648191597 -140.4737630873131 -250.89902985447043 -124.43111481723919 -1.0261700164743754 -81.98924243299966
-559.3448891946443 -158.84392591447903 -368.729402709422 -25.239724296575197 -59.17054891854932 -19.420870789133772 -41.381594302930814 -7.7220763180485505 -18.08512359776268 -42.845206247590625 18.77962131406282 -115.57399246787838 -50.147876422533706 -66.98774507694759 -74.1041006036799 0.6637286296681149 -11.500896783182538 -123.00118717321047 -38.61741231147936 -0.4414539154606102
-408.760617865441 -136.7381468595342 -405.1618149580505 -223.06141203594885 -154.46579556618994 -252.0621729977697 -288.380204312143 -77.72891745585991 -353.19116274579216 -19.239673181208037 -174.01838447575284 -103.0777048335425 -48.15250525439241 -75.12619708750611 -63.51242540091243 1.5171827716332134 -134.03076041725532 -89.64280257411043 -109.25715984164447 -181.1016216409069
-167.7270853292814 -244.67073396340075 -14.64286462411008 -115.77133103584146 -45.590409342797955 -74.75251388603284 -77.91658677803582 -19.252477706765347 -97.99064373512645 -62.29831876714087 -28.948969061914912 11.97456312656964 -52.27602073539596 -127.55826163257773 -29.976014841152566 -194.818472236486 -21.140181558328273 -146.15683341942008 4.7111451384714105 -31.98185447405738
-556.5825241247113 -490.78541728935045 -76.79615122287923 -82.06920987785928 -117.83239902745585 -170.55136674265262 -158.62941175364503 -136.45792979139244 -332.5807293828706 -102.26862738077656 -240.06903583743832 -328.81828231966233 -101.12372145117621 -163.49723848797606 -112.95290253382888 -85.0753215907483 -188.3551716890741 -229.62086640451972 -78.75550495176464 -480.42911437882924
-449.80192523615216 -469.95129158258896 -134.95278668521485 -356.2353875658084 -156.39369588806218 -196.33502380099154 -194.23043533256597 -122.26627164928843 -129.17719389801204 -86.73528920984955 -126.63346846683224 -77.16477210222129 -112.59962436741671 -154.7064323869552 -65.77931218475561 -241.54095624883433 -136.35791736425116 -121.50170644054874 -41.980943606778936 -115.82579659124458
-322.22449403984604 -433.1404131251873 -531.2372493307785 -302.78988954807915 -142.55820157440624 -43.54042615763999 -98.48924206312202 -93.25513398411657 -142.72765736546418 -6.18046366448224 -76.76479854620086 -237.64866417751662 -137.73208449670943 -101.45076792412758 -125.92367886112724 -33.925880043370285 -317.1735320981241 -16.024942657939413 -108.99734209528248 -131.17908795320582
-181.5743386400271 -737.1490122456297 -448.42133280471944 -456.85002964080275 -112.38733298330459 -173.17393952176315 -103.29560917486178 -84.29093874894339 -100.71689340082929 -205.1180995642039 -213.8299246074435 -217.26493320069363 -81.88660186552141 -102.4136493136709 -216.52295858273604 -167.64647330039512 -96.43059138651175 -109.1497541102653 -92.08134464673412 -90.73603025925715
-473.8408535255081 -505.20747399795596 -175.4321561497197 -426.654036636289 -223.23960287623282 -205.99672179574364 -236.21036703494465 -98.76115849566057 -306.5062465504772 -15.820900534485956 -198.53355528845267 -32.066802159679284 -141.4391529063313 0.5904034082855377 -70.7953679935634 -84.77169125260956 -161.85512622993988 -80.43727255130374 -177.42142177495526 -51.96234887834199
